0.000000
0.056008
0.112015
0.168022
0.224029
0.280036
0.336042
0.392047
0.448052
0.504055
0.560058
0.616060
0.672060
0.728060
0.784058
0.840054
0.896049
0.952042
1.008033
1.064022
1.120009
1.175995
1.231977
1.287958
1.343936
1.399911
1.455884
1.511854
1.567821
1.623786
1.679747
1.735705
1.791659
1.847610
1.903558
1.959502
2.015442
2.071378
2.127311
2.183239
2.239164
2.295083
2.350999
2.406910
2.462817
2.518718
2.574616
2.630508
2.686395
2.742277
2.798154
2.854025
2.909891
2.965751
3.021606
3.077455
3.133299
3.189136
3.244967
3.300792
3.356611
3.412423
3.468229
3.524029
3.579821
3.635607
3.691386
3.747158
3.802923
3.858680
3.914431
3.970173
4.025909
4.081637
4.137356
4.193069
4.248773
4.304469
4.360157
4.415837
4.471508
4.527171
4.582825
4.638471
4.694108
4.749736
4.805355
4.860965
4.916566
4.972158
5.027740
5.083312
5.138876
5.194429
5.249973
5.305506
5.361030
5.416544
5.472047
5.527540
5.583023
5.638495
5.693957
5.749408
5.804848
5.860277
5.915695
5.971102
6.026498
6.081883
6.137256
6.192618
6.247968
6.303306
6.358633
6.413947
6.469250
6.524540
6.579819
6.635085
6.690339
6.745580
6.800808
6.856024
6.911227
6.966417
7.021594
7.076759
7.131909
7.187047
7.242171
7.297282
7.352379
7.407463
7.462533
7.517589
7.572631
7.627658
7.682672
7.737672
7.792657
7.847628
7.902584
7.957525
8.012452
8.067364
8.122261
8.177143
8.232010
8.286862
8.341698
8.396520
8.451325
8.506115
8.560890
8.615648
8.670391
8.725118
8.779829
8.834523
8.889202
8.943864
8.998509
9.053139
9.107751
9.162347
9.216926
9.271488
9.326034
9.380562
9.435073
9.489567
9.544044
9.598503
9.652944
9.707368
9.761775
9.816163
9.870534
9.924887
9.979222
10.033538
10.087837
10.142117
10.196379
10.250622
10.304846
10.359052
10.413240
10.467408
10.521558
10.575688
10.629800
10.683892
10.737965
10.792019
10.846053
10.900068
10.954063
11.008038
11.061994
11.115929
11.169845
11.223741
11.277617
11.331472
11.385307
11.439122
11.492917
11.546691
11.600444
11.654176
11.707888
11.761579
11.815249
11.868898
11.922526
11.976132
12.029718
12.083282
12.136824
12.190346
12.243845
12.297323
12.350779
12.404213
12.457625
12.511016
12.564384
12.617730
12.671054
12.724356
12.777635
12.830892
12.884126
12.937337
12.990526
13.043692
13.096836
13.149956
13.203053
13.256128
13.309179
13.362207
13.415211
13.468192
13.521150
13.574084
13.626995
13.679882
13.732745
13.785584
13.838400
13.891191
13.943959
13.996702
14.049421
14.102116
14.154786
14.207432
14.260054
14.312651
14.365223
14.417771
14.470294
14.522792
14.575265
14.627714
14.680137
14.732535
14.784908
14.837255
14.889578
14.941875
14.994146
15.046392
15.098612
15.150807
15.202976
15.255119
15.307236
15.359327
15.411392
15.463432
15.515445
15.567432
15.619392
15.671326
15.723234
15.775116
15.826970
15.878799
15.930600
15.982375
16.034123
16.085845
16.137539
16.189206
16.240847
16.292460
16.344046
16.395605
16.447136
16.498640
16.550117
16.601566
16.652988
16.704382
16.755749
16.807088
16.858399
16.909682
16.960937
17.012165
17.063364
17.114535
17.165678
17.216793
17.267880
17.318938
17.369968
17.420970
17.471943
17.522888
17.573804
17.624691
17.675550
17.726380
17.777181
17.827953
17.878697
17.929411
17.980096
18.030752
18.081380
18.131977
18.182546
18.233085
18.283595
18.334076
18.384527
18.434949
18.485341
18.535703
18.586036
18.636339
18.686612
18.736856
18.787069
18.837253
18.887407
18.937530
18.987624
19.037688
19.087721
19.137724
19.187697
19.237639
19.287551
19.337433
19.387284
19.437105
19.486895
19.536655
19.586384
19.636082
19.685750
19.735386
19.784992
19.834567
19.884111
19.933624
19.983107
20.032558
20.081977
20.131366
20.180724
20.230050
20.279345
20.328609
20.377841
20.427042
20.476212
20.525350
20.574456
20.623531
20.672575
20.721586
20.770566
20.819514
20.868431
20.917316
20.966168
21.014989
21.063778
21.112535
21.161260
21.209953
21.258613
21.307242
21.355838
21.404403
21.452935
21.501434
21.549902
21.598337
21.646739
21.695109
21.743447
21.791752
21.840025
21.888265
21.936473
21.984647
22.032789
22.080899
22.128976
22.177019
22.225030
22.273009
22.320954
22.368866
22.416746
22.464592
22.512406
22.560186
22.607933
22.655647
22.703328
22.750976
22.798591
22.846172
22.893720
22.941235
22.988717
23.036165
23.083580
23.130961
23.178309
23.225623
23.272904
23.320151
23.367365
23.414545
23.461692
23.508805
23.555884
23.602929
23.649941
23.696919
23.743863
23.790774
23.837650
23.884493
23.931302
23.978077
24.024818
24.071525
24.118198
24.164837
24.211442
24.258012
24.304549
24.351052
24.397520
24.443955
24.490355
24.536721
24.583053
24.629350
24.675613
24.721842
24.768037
24.814197
24.860323
24.906414
24.952471
24.998494
25.044482
25.090436
25.136355
25.182240
25.228090
25.273906
25.319687
25.365433
25.411145
25.456823
25.502465
25.548073
25.593646
25.639185
25.684689
25.730158
25.775592
25.820992
25.866357
25.911687
25.956982
26.002242
26.047468
26.092659
26.137814
26.182935
26.228021
26.273072
26.318088
26.363069
26.408015
26.452927
26.497803
26.542644
26.587450
26.632221
26.676957
26.721658
26.766324
26.810954
26.855550
26.900110
26.944636
26.989126
27.033581
27.078001
27.122386
27.166735
27.211049
27.255328
27.299572
27.343781
27.387954
27.432092
27.476195
27.520263
27.564295
27.608292
27.652253
27.696180
27.740071
27.783926
27.827747
27.871532
27.915281
27.958996
28.002674
28.046318
28.089926
28.133499
28.177036
28.220538
28.264004
28.307435
28.350831
28.394191
28.437516
28.480805
28.524059
28.567277
28.610460
28.653607
28.696719
28.739795
28.782836
28.825842
28.868812
28.911746
28.954645
28.997508
29.040336
29.083128
29.125885
29.168606
29.211292
29.253942
29.296557
29.339136
29.381680
29.424188
29.466661
29.509098
29.551499
29.593865
29.636195
29.678490
29.720749
29.762973
29.805161
29.847313
29.889430
29.931512
29.973558
30.015568
30.057543
30.099482
30.141386
30.183254
30.225086
30.266883
30.308644
30.350370
30.392061
30.433715
30.475334
30.516918
30.558466
30.599979
30.641456
30.682897
30.724303
30.765673
30.807008
30.848308
30.889571
30.930800
30.971992
31.013149
31.054271
31.095357
31.136408
31.177423
31.218403
31.259347
31.300256
31.341129
31.381966
31.422769
31.463535
31.504267
31.544963
31.585623
31.626248
31.666837
31.707391
31.747910
31.788393
31.828841
31.869253
31.909630
31.949971
31.990278
32.030548
32.070784
32.110984
32.151148
32.191277
32.231371
32.271430
32.311453
32.351441
32.391393
32.431310
32.471192
32.511039
32.550850
32.590626
32.630367
32.670072
32.709743
32.749378
32.788977
32.828542
32.868071
32.907565
32.947024
32.986448
33.025836
33.065189
33.104508
33.143791
33.183038
33.222251
33.261429
33.300571
33.339679
33.378751
33.417788
33.456790
33.495757
33.534690
33.573587
33.612449
33.651276
33.690068
33.728825
33.767547
33.806234
33.844886
33.883503
33.922085
33.960632
33.999145
34.037622
34.076065
34.114473
34.152846
34.191184
34.229487
34.267756
34.305989
34.344188
34.382352
34.420482
34.458576
34.496636
34.534662
34.572652
34.610608
34.648529
34.686415
34.724267
34.762084
34.799867
34.837615
34.875328
34.913007
34.950651
34.988261
35.025836
35.063377
35.100883
35.138355
35.175792
35.213195
35.250563
35.287897
35.325197
35.362462
35.399693
35.436889
35.474051
35.511179
35.548272
35.585332
35.622357
35.659347
35.696304
35.733226
35.770114
35.806968
35.843787
35.880573
35.917324
35.954041
35.990724
36.027373
36.063988
36.100569
36.137116
36.173629
36.210108
36.246553
36.282964
36.319341
36.355684
36.391993
36.428268
36.464510
36.500717
36.536891
36.573031
36.609137
36.645209
36.681248
36.717253
36.753224
36.789162
36.825065
36.860935
36.896772
36.932575
36.968344
37.004080
37.039782
37.075450
37.111085
37.146687
37.182255
37.217789
37.253290
37.288758
37.324192
37.359593
37.394961
37.430295
37.465596
37.500863
37.536098
37.571299
37.606466
37.641601
37.676702
37.711770
37.746805
37.781807
37.816776
37.851712
37.886614
37.921484
37.956320
37.991124
38.025894
38.060632
38.095336
38.130008
38.164646
38.199252
38.233825
38.268365
38.302873
38.337347
38.371789
38.406198
38.440574
38.474918
38.509228
38.543507
38.577752
38.611965
38.646145
38.680293
38.714408
38.748491
38.782541
38.816559
38.850544
38.884496
38.918417
38.952305
38.986160
39.019983
39.053774
39.087533
39.121259
39.154953
39.188615
39.222244
39.255842
39.289407
39.322940
39.356441
39.389910
39.423346
39.456751
39.490124
39.523464
39.556773
39.590050
39.623295
39.656507
39.689688
39.722838
39.755955
39.789040
39.822094
39.855116
39.888106
39.921064
39.953991
39.986886
40.019750
40.052581
40.085382
40.118150
40.150887
40.183593
40.216267
40.248909
40.281521
40.314100
40.346648
40.379165
40.411651
40.444105
40.476528
40.508919
40.541280
40.573609
40.605907
40.638173
40.670409
40.702613
40.734787
40.766929
40.799040
40.831120
40.863169
40.895187
40.927174
40.959131
40.991056
41.022950
41.054814
41.086646
41.118448
41.150219
41.181960
41.213669
41.245348
41.276996
41.308614
41.340201
41.371757
41.403283
41.434778
41.466243
41.497677
41.529080
41.560454
41.591796
41.623109
41.654391
41.685642
41.716863
41.748054
41.779215
41.810346
41.841446
41.872516
41.903556
41.934565
41.965545
41.996494
42.027414
42.058303
42.089162
42.119991
42.150791
42.181560
42.212300
42.243009
42.273689
42.304339
42.334959
42.365549
42.396110
42.426641
42.457142
42.487613
42.518055
42.548467
42.578849
42.609202
42.639526
42.669819
42.700084
42.730319
42.760524
42.790700
42.820847
42.850964
42.881052
42.911110
42.941140
42.971140
43.001110
43.031052
43.060964
43.090848
43.120702
43.150527
43.180323
43.210089
43.239827
43.269536
43.299216
43.328867
43.358489
43.388082
43.417646
43.447181
43.476688
43.506166
43.535615
43.565035
43.594427
43.623790
43.653124
43.682429
43.711706
43.740955
43.770175
43.799366
43.828529
43.857663
43.886769
43.915847
43.944896
43.973917
44.002909
44.031873
44.060809
44.089717
44.118596
44.147447
44.176270
44.205065
44.233832
44.262570
44.291281
44.319963
44.348618
44.377244
44.405843
44.434413
44.462956
44.491471
44.519958
44.548417
44.576848
44.605252
44.633628
44.661976
44.690296
44.718589
44.746854
44.775091
44.803301
44.831483
44.859638
44.887766
44.915865
44.943938
44.971983
45.000000
